daid@titanium ~/physics/analysis_code/analysis_code_mar17/calib % ./daid2ana psd_calib.dat
c Pedestals on Wed Mar  1 01:03:46 JST 2017
0.0,68.312807,54.735954,43.042463,49.218305,54.652881,51.360037,47.561986,-7443.6404,6.0904114,16.435562,37.70741,26.681873,25.922857,8.687733,6.7625067,0.0,-219.51158,-42.710958,25.485237,-154.57163,-18.346979,94.852967,-152.8551,0.0,15.477367,-268.25302,-40.47578,50.778001,-194.44806,-103.05727,55.986954,0.0,-15.110652,-7.4056059,-8.5726406,-9.1938308,-1.4085405,-12.167571,-4.9579695,0,-13.680848,-25.399431,0.0,-9.7115335,1.6716654,4.1934205,0.0,0.0,12.72977,-3.2182799,12.257619,-2.4703305,6.4921914,-0.044250316,10.407795,0.0,-2.82007,-16.518277,-1.6232764,-8.3633278,9.7467762,-1.248972,10.23083,42.562029,40.049114,29.925012,49.468966,46.342358,51.167509,49.299822,56.710381,18.994598,53.647339,40.579605,50.100513,37.096408,49.266476,53.774496,58.306125,40.89246,40.952992,55.333318,45.156703,58.61208,52.391676,46.786824,56.042189,29.532379,51.30365,31.274132,45.292977,48.419507,38.71932,37.05346,33.372182,
c Gain on Wed Mar  1 01:03:46 JST 2017
0.0,0.001697221,0.0017434838,0.0016449287,0.0016723215,0.0016827272,0.0017138455,0.0016601151,0.00054226108,0.0015999509,0.00167205,0.001720568,0.0016253571,0.0016665073,0.0016187294,0.0016601153,0.0,0.001455883,0.0016024842,0.0016374757,0.0014881451,0.0016489813,0.0017536954,0.0015251799,0.0,0.0017184618,0.0014772246,0.0015736097,0.0016509421,0.0015045138,0.0015492892,0.0016405651,0.0,0.0016379119,0.0016651014,0.0016426885,0.0016245983,0.0016259448,0.0016297871,0.0016237715,0.0,0.0016371518,0.0016617212,0.0,0.001661095,0.0016185485,0.0016496344,0.0,0.0,0.0016284845,0.0016354261,0.0016267211,0.001647902,0.0016181373,0.0016773009,0.0016582955,0.0,0.0016402453,0.0016115215,0.0016782777,0.0016174512,0.0016464268,0.0016583857,0.0016241014,0.0016786817,0.001607053,0.0016918505,0.001700165,0.0016557944,0.0016533715,0.0016402299,0.0017080673,0.0016474682,0.0016524191,0.0016530552,0.0016691369,0.001670804,0.0016280958,0.0016784559,0.0017019843,0.0016817824,0.0017077006,0.0017107482,0.0016681876,0.0017367271,0.001644787,0.0016298505,0.0016432481,0.0016677149,0.0016381188,0.0017386018,0.0016531406,0.0016721728,0.0016596997,0.0016743287,0.001674478,
daid@titanium ~/physics/analysis_code/analysis_code_mar17/calib % ./daid2ana ssd_calib.dat
c Pedestals on Wed Mar  1 01:03:52 JST 2017
0.,37.399712,35.389538,-2.2876547,34.866633,72.604372,38.679147,8.6987291,5.2603098,10.009995,-66.92984,-5.1120785,62.113485,23.970568,-50.542662,
c Gain on Wed Mar  1 01:03:52 JST 2017
1.0,0.0049500812,0.0055733907,0.00502487,0.0052263363,0.0053598765,0.0052730967,0.0052875222,0.0017752719,0.0017383755,0.0017600544,0.001674754,0.001711278,0.0016727568,0.0015775032,

