$ 6

1.0
1.0
1.0
1.0
1.0
1.0
1.0
1.0
1.0
1.0

$ 7

1.0
1.0
1.0
1.0
1.0
1.0
1.0
1.0
1.0
1.0

$ 8

1.0
1.0
1.0
1.0
1.0
1.0
1.0
1.0
1.0
1.0

$ 9

1.0
1.0
1.0
1.0
1.0
1.0
1.0
1.0
1.0
1.0

$ 10

1.0
1.0
1.0
1.0
1.0
1.0
1.0
1.0
1.0
1.0

$ 11

1.0
1.0
1.0
1.0
1.0
1.0
1.0
1.0
1.0
1.0


$ 12

1.0
1.0
1.0
1.0
1.0
1.0
1.0
1.0
1.0
1.0


$ 13

1.0
1.0
1.0
1.0
1.0
1.0
1.0
1.0
1.0
1.0

$ 57 

1.10596
1.08427
1.06662
1.04437
1.11034
1.081
0.845192
1.08725
1.07865
1.10396


$ 58

1.1003
1.0787
1.0634
1.0300
1.1073
1.0428
0.8315
1.0733
1.0764
1.0829



$ 66

1.1173
1.1001
1.0728
1.0519
1.1202
1.0945
0.8130
1.0990
1.1623
1.1127

 
$ 82

1.1144
1.0986
1.0765
1.0514
1.1232
1.0915
0.7850
1.0982
1.0881
1.1039

$ 107

1.1144
1.0986
1.0765
1.0514
1.1232
1.0915
0.7850
1.0982
1.0881
1.1039



$ 128
1.1144
1.0986
1.0765
1.0514
1.1232
1.0915
0.7850
1.0982
1.0881
1.1039

$ 129
1.1144
1.0986
1.0765
1.0514
1.1232
1.0915
0.7850
1.0982
1.0881
1.1039

$ 130
1.1144
1.0986
1.0765
1.0514
1.1232
1.0915
0.7850
1.0982
1.0881
1.1039

$ 136

1.12573
1.11578
1.09189
1.08078
1.13611
1.10128
0.63309
1.10119
1.09935
1.11027



$ 142
1.12663
1.11363
1.09671
1.07196
1.12944
1.10144
0.63400
1.09668
1.09617
1.11265

$ 143

1.1263
1.1081
1.0943
1.0788
1.1348
1.0997
0.6271
1.0971
1.0988
1.1163

$ 144

1.12628
1.11205
1.09495
1.08388
1.13836
1.09541
0.63312
1.09739
1.10175
1.10787

$ 149

1.1252
1.1159
1.0965
1.0734
1.1306
1.1004
0.6309
1.0961
1.0973
1.1113

$ 162

1.1252
1.1159
1.0965
1.0734
1.1306
1.1004
0.6309
1.0961
1.0973
1.1113

$ 163

1.1252
1.1159
1.0965
1.0734
1.1306
1.1004
0.6309
1.0961
1.0973
1.1113

$ 180

1.13019
1.12705
1.10506
1.08581
1.13988
1.10191
0.59586
1.09966
1.10111
1.12118

$ 181

1.1328
1.1223
1.1005
1.0996
1.1378
1.1003
0.5953
1.1065
1.1047
1.1287


$ 188

1.1336
1.1262
1.1009
1.0894
1.1400
1.1005
1.5931
1.0996
1.1036
1.1212


$ 189

1.1336
1.1262
1.1009
1.0894
1.1400
1.1005
1.5931
1.0996
1.1036
1.1212

$ 205

1.1310
1.1211
1.1042
1.0984
1.1365
1.1029
0.5981
1.1076
1.0385
1.1240

$ 225

1.1310
1.1211
1.1042
1.0984
1.1365
1.1029
0.5981
1.1076
1.0385
1.1240

